# Data structure: one example per line in the form [denom(P), vertices of P*, vertices of denom(P)*P, b(P)]
[1, [[-1, -1], [-1, 0], [0, -1], [0, 1], [1, 0], [1, 1]], [[-1, -1], [-1, 0], [0, -1], [0, 1], [1, 0], [1, 1]], 6]
[1, [[-1, -1], [-1, 0], [0, 1], [1, -1], [1, 1]], [[-1, -1], [-1, 0], [0, 1], [1, -1], [1, 1]], 5]
[1, [[-1, 0], [0, -1], [0, 1], [1, -1], [1, 1]], [[-1, 0], [0, -1], [0, 1], [1, -1], [1, 1]], 6]
[1, [[-1, -1], [-1, 0], [0, -1], [0, 1], [1, 1]], [[-1, -1], [-1, 0], [0, -1], [0, 1], [1, 1]], 7]
[1, [[-2, -1], [0, 1], [1, -1], [1, 1]], [[-2, -1], [0, 1], [1, -1], [1, 1]], 4]
[1, [[-2, -1], [0, -1], [0, 1], [2, 1]], [[-2, -1], [0, -1], [0, 1], [2, 1]], 4]
[1, [[-1, 0], [0, 1], [1, -2], [1, 1]], [[-1, 0], [0, 1], [1, -2], [1, 1]], 5]
[1, [[-2, -1], [0, -1], [0, 1], [1, 1]], [[-2, -1], [0, -1], [0, 1], [1, 1]], 6]
[1, [[-1, -2], [-1, 0], [0, 1], [1, 1]], [[-1, -2], [-1, 0], [0, 1], [1, 1]], 7]
[1, [[-1, 0], [0, -1], [0, 1], [1, 1]], [[-1, 0], [0, -1], [0, 1], [1, 1]], 8]
[1, [[-1, -1], [0, -1], [0, 1], [1, 1]], [[-1, -1], [0, -1], [0, 1], [1, 1]], 8]
[1, [[-3, -2], [0, 1], [3, 1]], [[-3, -2], [0, 1], [3, 1]], 3]
[1, [[-2, -1], [0, 1], [4, 1]], [[-2, -1], [0, 1], [4, 1]], 4]
[1, [[-3, -2], [0, 1], [2, 1]], [[-3, -2], [0, 1], [2, 1]], 6]
[1, [[-1, -1], [0, 1], [2, 1]], [[-1, -1], [0, 1], [2, 1]], 8]
[1, [[-1, -2], [0, 1], [1, 1]], [[-1, -2], [0, 1], [1, 1]], 9]
[2, [[-4, -1], [0, -1], [0, 1], [1, 0], [1, 1]], [[-8, -2], [0, -2], [0, 2], [2, 0], [2, 2]], 4]
[2, [[-4, -1], [-1, -1], [0, 1], [1, 0], [2, 1]], [[-8, -2], [-2, -2], [0, 2], [2, 0], [4, 2]], 4]
[2, [[-4, -1], [-1, -1], [0, 1], [1, 0], [1, 1]], [[-8, -2], [-2, -2], [0, 2], [2, 0], [2, 2]], 5]
[2, [[-4, -1], [-2, -1], [0, 1], [1, 0], [2, 1]], [[-8, -2], [-4, -2], [0, 2], [2, 0], [4, 2]], 5]
[2, [[-4, -1], [-2, -1], [0, 1], [1, 0], [1, 1]], [[-8, -2], [-4, -2], [0, 2], [2, 0], [2, 2]], 6]
[2, [[-4, -1], [-3, -1], [0, 1], [1, 0], [1, 1]], [[-8, -2], [-6, -2], [0, 2], [2, 0], [2, 2]], 7]
[2, [[-4, -1], [0, 1], [1, 1], [3, -1]], [[-8, -2], [0, 2], [2, 2], [6, -2]], 2]
[2, [[-4, -1], [0, 1], [2, -1], [2, 1]], [[-8, -2], [0, 2], [4, -2], [4, 2]], 2]
[2, [[-4, -1], [0, 1], [1, -1], [3, 1]], [[-8, -2], [0, 2], [2, -2], [6, 2]], 2]
[2, [[-4, -1], [0, -1], [0, 1], [4, 1]], [[-8, -2], [0, -2], [0, 2], [8, 2]], 2]
[2, [[-1, -1], [-1, 2], [0, -1], [3, 2]], [[-2, -2], [-2, 4], [0, -2], [6, 4]], 3]
[2, [[-1, 0], [-1, 2], [0, -1], [3, 2]], [[-2, 0], [-2, 4], [0, -2], [6, 4]], 4]
[2, [[-4, -1], [0, 1], [1, -1], [1, 1]], [[-8, -2], [0, 2], [2, -2], [2, 2]], 3]
[2, [[-4, -1], [0, -1], [0, 1], [2, 1]], [[-8, -2], [0, -2], [0, 2], [4, 2]], 3]
[2, [[-4, -1], [-1, -1], [0, 1], [3, 1]], [[-8, -2], [-2, -2], [0, 2], [6, 2]], 3]
[2, [[-1, 1], [-1, 2], [0, -1], [3, 2]], [[-2, 2], [-2, 4], [0, -2], [6, 4]], 5]
[2, [[-1, -1], [-1, 0], [0, 1], [5, 1]], [[-2, -2], [-2, 0], [0, 2], [10, 2]], 4]
[2, [[-4, -1], [0, -1], [0, 1], [1, 1]], [[-8, -2], [0, -2], [0, 2], [2, 2]], 5]
[2, [[-4, -1], [-1, -1], [0, 1], [2, 1]], [[-8, -2], [-2, -2], [0, 2], [4, 2]], 5]
[2, [[-1, 0], [0, -1], [0, 1], [4, 1]], [[-2, 0], [0, -2], [0, 2], [8, 2]], 5]
[2, [[-1, 0], [0, 1], [1, -1], [3, 1]], [[-2, 0], [0, 2], [2, -2], [6, 2]], 6]
[2, [[-4, -1], [0, 1], [1, 0], [2, 1]], [[-8, -2], [0, 2], [2, 0], [4, 2]], 7]
[2, [[-4, -1], [0, 1], [1, 0], [1, 1]], [[-8, -2], [0, 2], [2, 0], [2, 2]], 8]
[2, [[-1, -1], [-1, 2], [5, 2]], [[-2, -2], [-2, 4], [10, 4]], 3]
[2, [[-4, -1], [0, 1], [8, 1]], [[-8, -2], [0, 2], [16, 2]], 2]
[2, [[-1, -2], [-1, 2], [3, 2]], [[-2, -4], [-2, 4], [6, 4]], 2]
[2, [[-4, -1], [0, 1], [6, 1]], [[-8, -2], [0, 2], [12, 2]], 3]
[2, [[-1, -1], [-1, 2], [3, 2]], [[-2, -2], [-2, 4], [6, 4]], 6]
[2, [[-4, -1], [0, 1], [5, 1]], [[-8, -2], [0, 2], [10, 2]], 5]
[2, [[-1, 2], [0, -1], [1, 2]], [[-2, 4], [0, -2], [2, 4]], 9]
[3, [[-6, -1], [0, 1], [1, 1], [2, -1]], [[-18, -3], [0, 3], [3, 3], [6, -3]], 2]
[3, [[-6, -1], [0, 1], [1, -1], [2, 1]], [[-18, -3], [0, 3], [3, -3], [6, 3]], 2]
[3, [[-6, -1], [0, -1], [0, 1], [3, 1]], [[-18, -3], [0, -3], [0, 3], [9, 3]], 2]
[3, [[-6, -1], [-1, -1], [0, 1], [4, 1]], [[-18, -3], [-3, -3], [0, 3], [12, 3]], 2]
[3, [[-1, -2], [-1, 0], [0, 1], [5, 1]], [[-3, -6], [-3, 0], [0, 3], [15, 3]], 3]
[3, [[-1, -2], [-1, 3], [1, 1], [2, 3]], [[-3, -6], [-3, 9], [3, 3], [6, 9]], 4]
[3, [[-1, 0], [0, 1], [1, -2], [4, 1]], [[-3, 0], [0, 3], [3, -6], [12, 3]], 4]
[3, [[-9, -2], [0, 1], [1, 0], [3, 1]], [[-27, -6], [0, 3], [3, 0], [9, 3]], 5]
[3, [[-9, -2], [0, 1], [1, 0], [2, 1]], [[-27, -6], [0, 3], [3, 0], [6, 3]], 6]
[3, [[-9, -2], [0, 1], [1, 0], [1, 1]], [[-27, -6], [0, 3], [3, 0], [3, 3]], 7]
[3, [[-9, -2], [0, 1], [9, 1]], [[-27, -6], [0, 3], [27, 3]], 1]
[3, [[-1, -1], [-1, 3], [5, 3]], [[-3, -3], [-3, 9], [15, 9]], 4]
[3, [[-9, -2], [0, 1], [6, 1]], [[-27, -6], [0, 3], [18, 3]], 2]
[3, [[-6, -1], [0, 1], [9, 1]], [[-18, -3], [0, 3], [27, 3]], 2]
[3, [[-9, -2], [0, 1], [5, 1]], [[-27, -6], [0, 3], [15, 3]], 5]
[3, [[-1, 3], [0, -1], [2, 3]], [[-3, 9], [0, -3], [6, 9]], 8]
[4, [[-1, -1], [-1, 4], [0, -1], [1, 0], [3, 4]], [[-4, -4], [-4, 16], [0, -4], [4, 0], [12, 16]], 3]
[4, [[-1, 0], [-1, 4], [0, -1], [1, 0], [3, 4]], [[-4, 0], [-4, 16], [0, -4], [4, 0], [12, 16]], 4]
[4, [[-1, 1], [-1, 4], [0, -1], [1, 0], [3, 4]], [[-4, 4], [-4, 16], [0, -4], [4, 0], [12, 16]], 5]
[4, [[-1, 2], [-1, 4], [0, -1], [1, 0], [3, 4]], [[-4, 8], [-4, 16], [0, -4], [4, 0], [12, 16]], 6]
[4, [[-1, 3], [-1, 4], [0, -1], [1, 0], [3, 4]], [[-4, 12], [-4, 16], [0, -4], [4, 0], [12, 16]], 7]
[4, [[-1, -1], [-1, 4], [1, 0], [7, 4]], [[-4, -4], [-4, 16], [4, 0], [28, 16]], 3]
[4, [[-1, -2], [-1, 4], [1, 0], [3, 4]], [[-4, -8], [-4, 16], [4, 0], [12, 16]], 2]
[4, [[-1, -1], [-1, 4], [1, 0], [3, 4]], [[-4, -4], [-4, 16], [4, 0], [12, 16]], 4]
[4, [[-5, -6], [-1, 2], [1, 1], [1, 2]], [[-20, -24], [-4, 8], [4, 4], [4, 8]], 8]
[4, [[-1, -4], [-1, 4], [3, 4]], [[-4, -16], [-4, 16], [12, 16]], 1]
[4, [[-1, -2], [-1, 4], [3, 4]], [[-4, -8], [-4, 16], [12, 16]], 3]
[5, [[-1, -1], [-1, 5], [0, -1], [1, 0], [3, 5]], [[-5, -5], [-5, 25], [0, -5], [5, 0], [15, 25]], 3]
[5, [[-1, 0], [-1, 5], [0, -1], [1, 0], [3, 5]], [[-5, 0], [-5, 25], [0, -5], [5, 0], [15, 25]], 4]
[5, [[-1, 1], [-1, 5], [0, -1], [1, 0], [3, 5]], [[-5, 5], [-5, 25], [0, -5], [5, 0], [15, 25]], 5]
[5, [[-1, 2], [-1, 5], [0, -1], [1, 0], [3, 5]], [[-5, 10], [-5, 25], [0, -5], [5, 0], [15, 25]], 6]
[5, [[-1, 3], [-1, 5], [0, -1], [1, 0], [3, 5]], [[-5, 15], [-5, 25], [0, -5], [5, 0], [15, 25]], 7]
[5, [[-1, 4], [-1, 5], [0, -1], [1, 0], [3, 5]], [[-5, 20], [-5, 25], [0, -5], [5, 0], [15, 25]], 8]
[5, [[-1, -1], [-1, 5], [1, 0], [8, 5]], [[-5, -5], [-5, 25], [5, 0], [40, 25]], 3]
[5, [[-1, -5], [-1, 5], [1, 0], [2, 5]], [[-5, -25], [-5, 25], [5, 0], [10, 25]], 1]
[5, [[-1, -2], [-1, 5], [1, 0], [3, 5]], [[-5, -10], [-5, 25], [5, 0], [15, 25]], 2]
[5, [[-1, -1], [-1, 5], [1, 0], [3, 5]], [[-5, -5], [-5, 25], [5, 0], [15, 25]], 4]
[5, [[-1, 5], [0, -1], [1, 0], [3, 5]], [[-5, 25], [0, -5], [5, 0], [15, 25]], 9]
[5, [[-2, 5], [0, -1], [3, 5]], [[-10, 25], [0, -5], [15, 25]], 6]
[6, [[-7, -4], [-1, -1], [-1, 2], [2, 1], [3, 2]], [[-42, -24], [-6, -6], [-6, 12], [12, 6], [18, 12]], 3]
[6, [[-1, 0], [-1, 2], [0, -1], [1, -1], [7, 2]], [[-6, 0], [-6, 12], [0, -6], [6, -6], [42, 12]], 3]
[6, [[-7, -4], [-3, -2], [-1, 2], [2, 1], [3, 2]], [[-42, -24], [-18, -12], [-6, 12], [12, 6], [18, 12]], 4]
[6, [[-1, 1], [-1, 2], [0, -1], [1, -1], [7, 2]], [[-6, 6], [-6, 12], [0, -6], [6, -6], [42, 12]], 4]
[6, [[-4, -1], [-2, -1], [-1, 2], [1, 0], [5, 2]], [[-24, -6], [-12, -6], [-6, 12], [6, 0], [30, 12]], 3]
[6, [[-1, 2], [-1, 3], [0, -1], [1, -1], [5, 3]], [[-6, 12], [-6, 18], [0, -6], [6, -6], [30, 18]], 5]
[6, [[-1, 1], [-1, 2], [0, -1], [2, -1], [5, 2]], [[-6, 6], [-6, 12], [0, -6], [12, -6], [30, 12]], 4]
[6, [[-4, -1], [-3, -1], [-1, 2], [1, 0], [5, 2]], [[-24, -6], [-18, -6], [-6, 12], [6, 0], [30, 12]], 4]
[6, [[-4, -1], [-1, -1], [-1, 2], [1, 0], [3, 2]], [[-24, -6], [-6, -6], [-6, 12], [6, 0], [18, 12]], 3]
[6, [[-4, -1], [-1, -1], [-1, 2], [2, 1], [3, 2]], [[-24, -6], [-6, -6], [-6, 12], [12, 6], [18, 12]], 4]
[6, [[-4, -1], [-2, -1], [-1, 2], [1, 0], [3, 2]], [[-24, -6], [-12, -6], [-6, 12], [6, 0], [18, 12]], 4]
[6, [[-4, -1], [-1, 2], [0, -1], [1, 0], [1, 2]], [[-24, -6], [-6, 12], [0, -6], [6, 0], [6, 12]], 3]
[6, [[-4, -1], [-3, -1], [-1, 2], [1, 0], [3, 2]], [[-24, -6], [-18, -6], [-6, 12], [6, 0], [18, 12]], 5]
[6, [[-4, -1], [-1, 2], [0, -1], [1, 1], [1, 2]], [[-24, -6], [-6, 12], [0, -6], [6, 6], [6, 12]], 4]
[6, [[-4, -1], [-1, -1], [-1, 2], [1, 0], [1, 2]], [[-24, -6], [-6, -6], [-6, 12], [6, 0], [6, 12]], 4]
[6, [[-4, -1], [-2, -1], [-1, 2], [1, 0], [1, 2]], [[-24, -6], [-12, -6], [-6, 12], [6, 0], [6, 12]], 5]
[6, [[-4, -1], [-3, -1], [-1, 2], [1, 0], [1, 2]], [[-24, -6], [-18, -6], [-6, 12], [6, 0], [6, 12]], 6]
[6, [[-4, -1], [-3, -1], [-1, 2], [15, 2]], [[-24, -6], [-18, -6], [-6, 12], [90, 12]], 1]
[6, [[-4, -1], [-2, -1], [-1, 2], [13, 2]], [[-24, -6], [-12, -6], [-6, 12], [78, 12]], 1]
[6, [[-4, -1], [-1, -1], [-1, 2], [11, 2]], [[-24, -6], [-6, -6], [-6, 12], [66, 12]], 1]
[6, [[-4, -1], [-1, 2], [0, -1], [9, 2]], [[-24, -6], [-6, 12], [0, -6], [54, 12]], 1]
[6, [[-4, -1], [-1, 2], [1, -1], [7, 2]], [[-24, -6], [-6, 12], [6, -6], [42, 12]], 1]
[6, [[-1, -1], [-1, 3], [0, -1], [8, 3]], [[-6, -6], [-6, 18], [0, -6], [48, 18]], 2]
[6, [[-4, -1], [-1, 2], [2, -1], [5, 2]], [[-24, -6], [-6, 12], [12, -6], [30, 12]], 1]
[6, [[-1, 0], [-1, 3], [0, -1], [8, 3]], [[-6, 0], [-6, 18], [0, -6], [48, 18]], 3]
[6, [[-4, -1], [-1, 2], [3, -1], [3, 2]], [[-24, -6], [-6, 12], [18, -6], [18, 12]], 1]
[6, [[-4, -1], [-3, -1], [-1, 2], [9, 2]], [[-24, -6], [-18, -6], [-6, 12], [54, 12]], 2]
[6, [[-1, 1], [-1, 3], [0, -1], [8, 3]], [[-6, 6], [-6, 18], [0, -6], [48, 18]], 4]
[6, [[-7, -4], [-1, 2], [1, 0], [3, 2]], [[-42, -24], [-6, 12], [6, 0], [18, 12]], 2]
[6, [[-1, 0], [-1, 2], [0, -1], [9, 2]], [[-6, 0], [-6, 12], [0, -6], [54, 12]], 3]
[6, [[-4, -1], [-1, 2], [1, 2], [4, -1]], [[-24, -6], [-6, 12], [6, 12], [24, -6]], 1]
[6, [[-4, -1], [-2, -1], [-1, 2], [7, 2]], [[-24, -6], [-12, -6], [-6, 12], [42, 12]], 2]
[6, [[-1, 2], [-1, 3], [0, -1], [8, 3]], [[-6, 12], [-6, 18], [0, -6], [48, 18]], 5]
[6, [[-1, 1], [-1, 2], [0, -1], [9, 2]], [[-6, 6], [-6, 12], [0, -6], [54, 12]], 4]
[6, [[-4, -1], [-1, -1], [-1, 2], [5, 2]], [[-24, -6], [-6, -6], [-6, 12], [30, 12]], 2]
[6, [[-7, -4], [-1, -1], [-1, 2], [3, 2]], [[-42, -24], [-6, -6], [-6, 12], [18, 12]], 4]
[6, [[-7, -4], [-1, 2], [1, 0], [1, 2]], [[-42, -24], [-6, 12], [6, 0], [6, 12]], 3]
[6, [[-1, 0], [-1, 2], [1, -1], [7, 2]], [[-6, 0], [-6, 12], [6, -6], [42, 12]], 4]
[6, [[-4, -1], [-1, 2], [0, -1], [3, 2]], [[-24, -6], [-6, 12], [0, -6], [18, 12]], 2]
[6, [[-4, -1], [-3, -1], [-1, 2], [7, 2]], [[-24, -6], [-18, -6], [-6, 12], [42, 12]], 5]
[6, [[-4, -1], [-1, 2], [1, -1], [1, 2]], [[-24, -6], [-6, 12], [6, -6], [6, 12]], 2]
[6, [[-7, -4], [-1, 2], [2, 1], [3, 2]], [[-42, -24], [-6, 12], [12, 6], [18, 12]], 6]
[6, [[-4, -1], [-2, -1], [-1, 2], [5, 2]], [[-24, -6], [-12, -6], [-6, 12], [30, 12]], 5]
[6, [[-4, -1], [-1, 2], [1, 0], [5, 2]], [[-24, -6], [-6, 12], [6, 0], [30, 12]], 5]
[6, [[-4, -1], [-1, -1], [-1, 2], [3, 2]], [[-24, -6], [-6, -6], [-6, 12], [18, 12]], 5]
[6, [[-4, -1], [-1, 2], [1, 0], [3, 2]], [[-24, -6], [-6, 12], [6, 0], [18, 12]], 6]
[6, [[-4, -1], [-1, 2], [0, -1], [1, 2]], [[-24, -6], [-6, 12], [0, -6], [6, 12]], 5]
[6, [[-4, -1], [-1, 2], [1, 0], [1, 2]], [[-24, -6], [-6, 12], [6, 0], [6, 12]], 7]
[6, [[-4, -1], [-1, 2], [17, 2]], [[-24, -6], [-6, 12], [102, 12]], 1]
[6, [[-1, -1], [-1, 3], [11, 3]], [[-6, -6], [-6, 18], [66, 18]], 2]
[6, [[-1, -3], [-1, 6], [5, 6]], [[-6, -18], [-6, 36], [30, 36]], 1]
[6, [[-7, -4], [-1, 2], [5, 2]], [[-42, -24], [-6, 12], [30, 12]], 1]
[6, [[-4, -1], [-1, 2], [11, 2]], [[-24, -6], [-6, 12], [66, 12]], 2]
[6, [[-1, -2], [-1, 6], [5, 6]], [[-6, -12], [-6, 36], [30, 36]], 2]
[6, [[-1, 3], [0, -1], [8, 3]], [[-6, 18], [0, -6], [48, 18]], 6]
[6, [[-4, -1], [-1, 2], [9, 2]], [[-24, -6], [-6, 12], [54, 12]], 5]
[8, [[-3, 8], [0, -1], [1, 0], [5, 8]], [[-24, 64], [0, -8], [8, 0], [40, 64]], 5]
[9, [[-4, 9], [-1, 0], [0, -1], [5, 9]], [[-36, 81], [-9, 0], [0, -9], [45, 81]], 4]
[9, [[-2, 9], [0, -1], [1, 0], [7, 9]], [[-18, 81], [0, -9], [9, 0], [63, 81]], 7]
[10, [[-3, 1], [-2, -1], [-1, -1], [-1, 2], [17, 2]], [[-30, 10], [-20, -10], [-10, -10], [-10, 20], [170, 20]], 1]
[10, [[-3, 1], [-2, -1], [-1, 2], [0, -1], [15, 2]], [[-30, 10], [-20, -10], [-10, 20], [0, -10], [150, 20]], 1]
[10, [[-3, 1], [-2, -1], [-1, 2], [1, -1], [13, 2]], [[-30, 10], [-20, -10], [-10, 20], [10, -10], [130, 20]], 1]
[10, [[-3, 1], [-2, -1], [-1, 2], [2, -1], [11, 2]], [[-30, 10], [-20, -10], [-10, 20], [20, -10], [110, 20]], 1]
[10, [[-3, 1], [-2, -1], [-1, 2], [3, -1], [9, 2]], [[-30, 10], [-20, -10], [-10, 20], [30, -10], [90, 20]], 1]
[10, [[-3, 1], [-2, -1], [-1, 2], [4, -1], [7, 2]], [[-30, 10], [-20, -10], [-10, 20], [40, -10], [70, 20]], 1]
[10, [[-3, 1], [-2, -1], [-1, 2], [5, -1], [5, 2]], [[-30, 10], [-20, -10], [-10, 20], [50, -10], [50, 20]], 1]
[10, [[-1, 1], [-1, 2], [0, -1], [2, -3], [7, 2]], [[-10, 10], [-10, 20], [0, -10], [20, -30], [70, 20]], 3]
[10, [[-7, -1], [-1, 2], [1, -1], [3, 2], [4, 1]], [[-70, -10], [-10, 20], [10, -10], [30, 20], [40, 10]], 1]
[10, [[-1, 1], [-1, 2], [1, -2], [2, -3], [7, 2]], [[-10, 10], [-10, 20], [10, -20], [20, -30], [70, 20]], 4]
[10, [[-7, -1], [-1, 2], [1, 2], [2, -1], [3, 1]], [[-70, -10], [-10, 20], [10, 20], [20, -10], [30, 10]], 1]
[10, [[-3, 1], [-2, -1], [-1, 2], [19, 2]], [[-30, 10], [-20, -10], [-10, 20], [190, 20]], 1]
[10, [[-2, -1], [-2, 5], [-1, -1], [8, 5]], [[-20, -10], [-20, 50], [-10, -10], [80, 50]], 3]
[10, [[-11, -3], [-1, 2], [1, 0], [7, 2]], [[-110, -30], [-10, 20], [10, 0], [70, 20]], 2]
[10, [[-11, -3], [-3, -1], [-1, 2], [7, 2]], [[-110, -30], [-30, -10], [-10, 20], [70, 20]], 4]
[10, [[-11, -3], [-1, 2], [1, 0], [5, 2]], [[-110, -30], [-10, 20], [10, 0], [50, 20]], 3]
[10, [[-1, -4], [-1, 5], [1, 0], [3, 5]], [[-10, -40], [-10, 50], [10, 0], [30, 50]], 1]
[10, [[-1, 1], [-1, 2], [2, -3], [7, 2]], [[-10, 10], [-10, 20], [20, -30], [70, 20]], 5]
[10, [[-1, -2], [-1, 5], [0, -1], [4, 5]], [[-10, -20], [-10, 50], [0, -10], [40, 50]], 2]
[10, [[-11, -3], [-1, 2], [1, 0], [3, 2]], [[-110, -30], [-10, 20], [10, 0], [30, 20]], 4]
[10, [[-1, -1], [-1, 5], [0, -1], [4, 5]], [[-10, -10], [-10, 50], [0, -10], [40, 50]], 3]
[10, [[-1, 0], [-1, 5], [0, -1], [4, 5]], [[-10, 0], [-10, 50], [0, -10], [40, 50]], 4]
[10, [[-1, 1], [-1, 5], [0, -1], [4, 5]], [[-10, 10], [-10, 50], [0, -10], [40, 50]], 5]
[10, [[-11, -3], [-1, 2], [1, 0], [1, 2]], [[-110, -30], [-10, 20], [10, 0], [10, 20]], 5]
[10, [[-1, 2], [-1, 5], [0, -1], [4, 5]], [[-10, 20], [-10, 50], [0, -10], [40, 50]], 6]
[10, [[-1, 3], [-1, 5], [0, -1], [4, 5]], [[-10, 30], [-10, 50], [0, -10], [40, 50]], 7]
[10, [[-1, 4], [-1, 5], [0, -1], [4, 5]], [[-10, 40], [-10, 50], [0, -10], [40, 50]], 8]
[10, [[-2, -1], [-2, 5], [13, 5]], [[-20, -10], [-20, 50], [130, 50]], 3]
[10, [[-11, -3], [-1, 2], [9, 2]], [[-110, -30], [-10, 20], [90, 20]], 1]
[10, [[-1, -1], [-1, 5], [9, 5]], [[-10, -10], [-10, 50], [90, 50]], 3]
[10, [[-1, 5], [0, -1], [4, 5]], [[-10, 50], [0, -10], [40, 50]], 9]
[11, [[-4, 11], [-1, 0], [0, -1], [6, 11]], [[-44, 121], [-11, 0], [0, -11], [66, 121]], 4]
[11, [[-2, 11], [0, -1], [1, 0], [8, 11]], [[-22, 121], [0, -11], [11, 0], [88, 121]], 8]
[12, [[-5, -1], [-4, -1], [-1, 3], [1, 0], [5, 1], [11, 3]], [[-60, -12], [-48, -12], [-12, 36], [12, 0], [60, 12], [132, 36]], 3]
[12, [[-5, -1], [-3, -1], [-1, 3], [1, 0], [4, 1], [8, 3]], [[-60, -12], [-36, -12], [-12, 36], [12, 0], [48, 12], [96, 36]], 3]
[12, [[-5, -1], [-4, -1], [-1, 3], [1, 0], [4, 1], [8, 3]], [[-60, -12], [-48, -12], [-12, 36], [12, 0], [48, 12], [96, 36]], 4]
[12, [[-5, -1], [-2, -1], [-1, 3], [1, 0], [3, 1], [5, 3]], [[-60, -12], [-24, -12], [-12, 36], [12, 0], [36, 12], [60, 36]], 3]
[12, [[-5, -1], [-3, -1], [-1, 3], [1, 0], [3, 1], [5, 3]], [[-60, -12], [-36, -12], [-12, 36], [12, 0], [36, 12], [60, 36]], 4]
[12, [[-5, -1], [-4, -1], [-1, 3], [1, 0], [3, 1], [5, 3]], [[-60, -12], [-48, -12], [-12, 36], [12, 0], [36, 12], [60, 36]], 5]
[12, [[-5, -1], [-1, -1], [-1, 3], [1, 0], [2, 1], [2, 3]], [[-60, -12], [-12, -12], [-12, 36], [12, 0], [24, 12], [24, 36]], 3]
[12, [[-5, -1], [-2, -1], [-1, 3], [1, 0], [2, 1], [2, 3]], [[-60, -12], [-24, -12], [-12, 36], [12, 0], [24, 12], [24, 36]], 4]
[12, [[-5, -1], [-3, -1], [-1, 3], [1, 0], [2, 1], [2, 3]], [[-60, -12], [-36, -12], [-12, 36], [12, 0], [24, 12], [24, 36]], 5]
[12, [[-5, -1], [-4, -1], [-1, 3], [1, 0], [2, 1], [2, 3]], [[-60, -12], [-48, -12], [-12, 36], [12, 0], [24, 12], [24, 36]], 6]
[12, [[-5, 12], [-2, 3], [0, -1], [1, 0], [7, 12]], [[-60, 144], [-24, 36], [0, -12], [12, 0], [84, 144]], 4]
[12, [[-5, -1], [-4, -1], [-1, 3], [6, 1], [14, 3]], [[-60, -12], [-48, -12], [-12, 36], [72, 12], [168, 36]], 2]
[12, [[-5, -1], [-1, 3], [1, 0], [6, 1], [14, 3]], [[-60, -12], [-12, 36], [12, 0], [72, 12], [168, 36]], 3]
[12, [[-5, -1], [-3, -1], [-1, 3], [5, 1], [11, 3]], [[-60, -12], [-36, -12], [-12, 36], [60, 12], [132, 36]], 2]
[12, [[-5, -1], [-4, -1], [-1, 3], [5, 1], [11, 3]], [[-60, -12], [-48, -12], [-12, 36], [60, 12], [132, 36]], 4]
[12, [[-5, -1], [-1, 3], [1, 0], [5, 1], [11, 3]], [[-60, -12], [-12, 36], [12, 0], [60, 12], [132, 36]], 4]
[12, [[-5, -1], [-2, -1], [-1, 3], [4, 1], [8, 3]], [[-60, -12], [-24, -12], [-12, 36], [48, 12], [96, 36]], 2]
[12, [[-9, -5], [-3, -2], [-1, 3], [2, 1], [5, 3]], [[-108, -60], [-36, -24], [-12, 36], [24, 12], [60, 36]], 3]
[12, [[-9, -5], [-1, 3], [1, 0], [2, 1], [2, 3]], [[-108, -60], [-12, 36], [12, 0], [24, 12], [24, 36]], 2]
[12, [[-9, -5], [-5, -3], [-1, 3], [2, 1], [5, 3]], [[-108, -60], [-60, -36], [-12, 36], [24, 12], [60, 36]], 4]
[12, [[-9, -5], [-1, -1], [-1, 3], [2, 1], [2, 3]], [[-108, -60], [-12, -12], [-12, 36], [24, 12], [24, 36]], 3]
[12, [[-5, -1], [-3, -1], [-1, 3], [4, 1], [8, 3]], [[-60, -12], [-36, -12], [-12, 36], [48, 12], [96, 36]], 4]
[12, [[-5, -1], [-1, -1], [-1, 3], [3, 1], [5, 3]], [[-60, -12], [-12, -12], [-12, 36], [36, 12], [60, 36]], 2]
[12, [[-7, -8], [-2, -3], [-1, 4], [1, 1], [3, 4]], [[-84, -96], [-24, -36], [-12, 48], [12, 12], [36, 48]], 3]
[12, [[-9, -5], [-7, -4], [-1, 3], [2, 1], [5, 3]], [[-108, -60], [-84, -48], [-12, 36], [24, 12], [60, 36]], 5]
[12, [[-9, -5], [-3, -2], [-1, 3], [2, 1], [2, 3]], [[-108, -60], [-36, -24], [-12, 36], [24, 12], [24, 36]], 4]
[12, [[-5, -1], [-1, 3], [1, 0], [4, 1], [8, 3]], [[-60, -12], [-12, 36], [12, 0], [48, 12], [96, 36]], 5]
[12, [[-7, -8], [-3, -4], [-1, 4], [1, 1], [3, 4]], [[-84, -96], [-36, -48], [-12, 48], [12, 12], [36, 48]], 4]
[12, [[-9, -5], [-5, -3], [-1, 3], [2, 1], [2, 3]], [[-108, -60], [-60, -36], [-12, 36], [24, 12], [24, 36]], 5]
[12, [[-5, -1], [-2, -1], [-1, 3], [3, 1], [5, 3]], [[-60, -12], [-24, -12], [-12, 36], [36, 12], [60, 36]], 4]
[12, [[-5, -1], [-1, 3], [0, -1], [2, 1], [2, 3]], [[-60, -12], [-12, 36], [0, -12], [24, 12], [24, 36]], 2]
[12, [[-7, -8], [-4, -5], [-1, 4], [1, 1], [3, 4]], [[-84, -96], [-48, -60], [-12, 48], [12, 12], [36, 48]], 5]
[12, [[-9, -5], [-7, -4], [-1, 3], [2, 1], [2, 3]], [[-108, -60], [-84, -48], [-12, 36], [24, 12], [24, 36]], 6]
[12, [[-7, -8], [-5, -6], [-1, 4], [1, 1], [3, 4]], [[-84, -96], [-60, -72], [-12, 48], [12, 12], [36, 48]], 6]
[12, [[-5, -1], [-1, 3], [1, 0], [3, 1], [5, 3]], [[-60, -12], [-12, 36], [12, 0], [36, 12], [60, 36]], 6]
[12, [[-5, -1], [-1, -1], [-1, 3], [2, 1], [2, 3]], [[-60, -12], [-12, -12], [-12, 36], [24, 12], [24, 36]], 4]
[12, [[-7, -8], [-6, -7], [-1, 4], [1, 1], [3, 4]], [[-84, -96], [-72, -84], [-12, 48], [12, 12], [36, 48]], 7]
[12, [[-4, -5], [-4, -1], [-1, 2], [1, 1], [1, 2]], [[-48, -60], [-48, -12], [-12, 24], [12, 12], [12, 24]], 7]
[12, [[-5, -1], [-4, -1], [-1, 3], [20, 3]], [[-60, -12], [-48, -12], [-12, 36], [240, 36]], 1]
[12, [[-5, -1], [-3, -1], [-1, 3], [17, 3]], [[-60, -12], [-36, -12], [-12, 36], [204, 36]], 1]
[12, [[-5, -1], [-1, 3], [7, 1], [17, 3]], [[-60, -12], [-12, 36], [84, 12], [204, 36]], 2]
[12, [[-5, -1], [-2, -1], [-1, 3], [14, 3]], [[-60, -12], [-24, -12], [-12, 36], [168, 36]], 1]
[12, [[-5, -1], [-1, -1], [-1, 3], [11, 3]], [[-60, -12], [-12, -12], [-12, 36], [132, 36]], 1]
[12, [[-13, -9], [-1, 3], [2, 1], [2, 3]], [[-156, -108], [-12, 36], [24, 12], [24, 36]], 2]
[12, [[-5, -1], [-1, 3], [6, 1], [14, 3]], [[-60, -12], [-12, 36], [72, 12], [168, 36]], 4]
[12, [[-5, -1], [-4, -1], [-1, 3], [14, 3]], [[-60, -12], [-48, -12], [-12, 36], [168, 36]], 3]
[12, [[-9, -5], [-1, 3], [3, 1], [5, 3]], [[-108, -60], [-12, 36], [36, 12], [60, 36]], 1]
[12, [[-5, -1], [-1, 3], [0, -1], [8, 3]], [[-60, -12], [-12, 36], [0, -12], [96, 36]], 1]
[12, [[-7, -8], [-1, 4], [1, 0], [3, 4]], [[-84, -96], [-12, 48], [12, 0], [36, 48]], 1]
[12, [[-9, -5], [-1, -1], [-1, 3], [5, 3]], [[-108, -60], [-12, -12], [-12, 36], [60, 36]], 2]
[12, [[-5, -1], [-3, -1], [-1, 3], [11, 3]], [[-60, -12], [-36, -12], [-12, 36], [132, 36]], 3]
[12, [[-5, -1], [-1, 3], [1, -1], [5, 3]], [[-60, -12], [-12, 36], [12, -12], [60, 36]], 1]
[12, [[-7, -8], [-1, -2], [-1, 4], [3, 4]], [[-84, -96], [-12, -24], [-12, 48], [36, 48]], 2]
[12, [[-9, -5], [-3, -2], [-1, 3], [5, 3]], [[-108, -60], [-36, -24], [-12, 36], [60, 36]], 4]
[12, [[-5, -1], [-2, -1], [-1, 3], [8, 3]], [[-60, -12], [-24, -12], [-12, 36], [96, 36]], 3]
[12, [[-5, -1], [-1, 3], [2, -1], [2, 3]], [[-60, -12], [-12, 36], [24, -12], [24, 36]], 1]
[12, [[-7, -8], [-2, -3], [-1, 4], [3, 4]], [[-84, -96], [-24, -36], [-12, 48], [36, 48]], 4]
[12, [[-9, -5], [-1, 3], [2, 1], [5, 3]], [[-108, -60], [-12, 36], [24, 12], [60, 36]], 6]
[12, [[-5, -1], [-1, -1], [-1, 3], [5, 3]], [[-60, -12], [-12, -12], [-12, 36], [60, 36]], 3]
[12, [[-9, -5], [-1, 3], [2, 1], [2, 3]], [[-108, -60], [-12, 36], [24, 12], [24, 36]], 7]
[12, [[-5, -1], [-1, 3], [0, -1], [2, 3]], [[-60, -12], [-12, 36], [0, -12], [24, 36]], 3]
[12, [[-7, -8], [-1, 4], [1, 1], [3, 4]], [[-84, -96], [-12, 48], [12, 12], [36, 48]], 8]
[12, [[-5, -1], [-1, 3], [23, 3]], [[-60, -12], [-12, 36], [276, 36]], 1]
[12, [[-1, -2], [-1, 6], [11, 6]], [[-12, -24], [-12, 72], [132, 72]], 1]
[12, [[-13, -9], [-1, 3], [5, 3]], [[-156, -108], [-12, 36], [60, 36]], 1]
[12, [[-5, -1], [-1, 3], [17, 3]], [[-60, -12], [-12, 36], [204, 36]], 3]
[14, [[-1, 1], [-1, 2], [2, -5], [9, 2]], [[-14, 14], [-14, 28], [28, -70], [126, 28]], 2]
[14, [[-2, -3], [-2, 7], [1, 1], [5, 7]], [[-28, -42], [-28, 98], [14, 14], [70, 98]], 3]
[14, [[-2, -3], [-2, 7], [3, 4], [5, 7]], [[-28, -42], [-28, 98], [42, 56], [70, 98]], 4]
[14, [[-3, 7], [-1, 1], [0, -1], [4, 7]], [[-42, 98], [-14, 14], [0, -14], [56, 98]], 5]
[14, [[-22, -5], [-1, 2], [9, 2]], [[-308, -70], [-14, 28], [126, 28]], 5]
[15, [[-2, 1], [-1, 0], [-1, 3], [1, -1], [2, -1], [14, 3]], [[-30, 15], [-15, 0], [-15, 45], [15, -15], [30, -15], [210, 45]], 3]
[15, [[-2, 1], [-1, 0], [-1, 3], [1, -1], [3, -1], [11, 3]], [[-30, 15], [-15, 0], [-15, 45], [15, -15], [45, -15], [165, 45]], 3]
[15, [[-2, 1], [-1, 0], [-1, 3], [2, -1], [3, -1], [11, 3]], [[-30, 15], [-15, 0], [-15, 45], [30, -15], [45, -15], [165, 45]], 4]
[15, [[-2, 1], [-1, 0], [-1, 3], [1, -1], [4, -1], [8, 3]], [[-30, 15], [-15, 0], [-15, 45], [15, -15], [60, -15], [120, 45]], 3]
[15, [[-2, 1], [-1, 0], [-1, 3], [2, -1], [4, -1], [8, 3]], [[-30, 15], [-15, 0], [-15, 45], [30, -15], [60, -15], [120, 45]], 4]
[15, [[-2, 1], [-1, 0], [-1, 3], [3, -1], [4, -1], [8, 3]], [[-30, 15], [-15, 0], [-15, 45], [45, -15], [60, -15], [120, 45]], 5]
[15, [[-2, 1], [-1, 0], [-1, 3], [1, -1], [5, -1], [5, 3]], [[-30, 15], [-15, 0], [-15, 45], [15, -15], [75, -15], [75, 45]], 3]
[15, [[-2, 1], [-1, 0], [-1, 3], [2, -1], [5, -1], [5, 3]], [[-30, 15], [-15, 0], [-15, 45], [30, -15], [75, -15], [75, 45]], 4]
[15, [[-2, 1], [-1, 0], [-1, 3], [3, -1], [5, -1], [5, 3]], [[-30, 15], [-15, 0], [-15, 45], [45, -15], [75, -15], [75, 45]], 5]
[15, [[-2, 1], [-1, 0], [-1, 3], [1, -1], [2, 3], [6, -1]], [[-30, 15], [-15, 0], [-15, 45], [15, -15], [30, 45], [90, -15]], 3]
[15, [[-2, 1], [-1, 0], [-1, 3], [4, -1], [5, -1], [5, 3]], [[-30, 15], [-15, 0], [-15, 45], [60, -15], [75, -15], [75, 45]], 6]
[15, [[-2, 1], [-1, 0], [-1, 3], [2, -1], [2, 3], [6, -1]], [[-30, 15], [-15, 0], [-15, 45], [30, -15], [30, 45], [90, -15]], 4]
[15, [[-2, 1], [-1, 0], [-1, 3], [2, 3], [3, -1], [6, -1]], [[-30, 15], [-15, 0], [-15, 45], [30, 45], [45, -15], [90, -15]], 5]
[15, [[-2, 1], [-1, 0], [-1, 3], [2, 3], [4, -1], [6, -1]], [[-30, 15], [-15, 0], [-15, 45], [30, 45], [60, -15], [90, -15]], 6]
[15, [[-2, 1], [-1, 0], [-1, 3], [2, 3], [5, -1], [6, -1]], [[-30, 15], [-15, 0], [-15, 45], [30, 45], [75, -15], [90, -15]], 7]
[15, [[-2, 1], [-1, 3], [0, -1], [1, -1], [17, 3]], [[-30, 15], [-15, 45], [0, -15], [15, -15], [255, 45]], 2]
[15, [[-2, 1], [-1, 0], [-1, 3], [1, -1], [17, 3]], [[-30, 15], [-15, 0], [-15, 45], [15, -15], [255, 45]], 3]
[15, [[-2, 1], [-1, 3], [0, -1], [2, -1], [14, 3]], [[-30, 15], [-15, 45], [0, -15], [30, -15], [210, 45]], 2]
[15, [[-2, 1], [-1, 3], [1, -1], [2, -1], [14, 3]], [[-30, 15], [-15, 45], [15, -15], [30, -15], [210, 45]], 4]
[15, [[-2, 1], [-1, 0], [-1, 3], [2, -1], [14, 3]], [[-30, 15], [-15, 0], [-15, 45], [30, -15], [210, 45]], 4]
[15, [[-2, 1], [-1, 3], [0, -1], [3, -1], [11, 3]], [[-30, 15], [-15, 45], [0, -15], [45, -15], [165, 45]], 2]
[15, [[-1, 1], [-1, 3], [0, -1], [1, -2], [11, 3]], [[-15, 15], [-15, 45], [0, -15], [15, -30], [165, 45]], 3]
[15, [[-2, 1], [-1, 0], [-1, 3], [2, 3], [11, -6]], [[-30, 15], [-15, 0], [-15, 45], [30, 45], [165, -90]], 2]
[15, [[-1, 2], [-1, 3], [0, -1], [1, -2], [11, 3]], [[-15, 30], [-15, 45], [0, -15], [15, -30], [165, 45]], 4]
[15, [[-2, 1], [-1, 3], [1, -1], [3, -1], [11, 3]], [[-30, 15], [-15, 45], [15, -15], [45, -15], [165, 45]], 4]
[15, [[-2, 1], [-1, 3], [0, -1], [4, -1], [8, 3]], [[-30, 15], [-15, 45], [0, -15], [60, -15], [120, 45]], 2]
[15, [[-2, 1], [-1, 3], [1, -1], [2, 3], [11, -6]], [[-30, 15], [-15, 45], [15, -15], [30, 45], [165, -90]], 3]
[15, [[-2, 1], [-1, 0], [-1, 3], [3, -1], [11, 3]], [[-30, 15], [-15, 0], [-15, 45], [45, -15], [165, 45]], 5]
[15, [[-2, 1], [-1, 3], [2, 3], [3, -2], [11, -6]], [[-30, 15], [-15, 45], [30, 45], [45, -30], [165, -90]], 4]
[15, [[-2, 1], [-1, 3], [1, -1], [4, -1], [8, 3]], [[-30, 15], [-15, 45], [15, -15], [60, -15], [120, 45]], 4]
[15, [[-2, 1], [-1, 3], [0, -1], [5, -1], [5, 3]], [[-30, 15], [-15, 45], [0, -15], [75, -15], [75, 45]], 2]
[15, [[-2, 1], [-1, 3], [2, 3], [5, -3], [11, -6]], [[-30, 15], [-15, 45], [30, 45], [75, -45], [165, -90]], 5]
[15, [[-11, -6], [-7, -4], [-2, 3], [1, 3], [2, 1]], [[-165, -90], [-105, -60], [-30, 45], [15, 45], [30, 15]], 6]
[15, [[-2, 1], [-1, 0], [-1, 3], [4, -1], [8, 3]], [[-30, 15], [-15, 0], [-15, 45], [60, -15], [120, 45]], 6]
[15, [[-2, 1], [-1, 3], [1, -1], [5, -1], [5, 3]], [[-30, 15], [-15, 45], [15, -15], [75, -15], [75, 45]], 4]
[15, [[-2, 1], [-1, 3], [0, -1], [2, 3], [6, -1]], [[-30, 15], [-15, 45], [0, -15], [30, 45], [90, -15]], 2]
[15, [[-1, 4], [-1, 5], [0, -1], [5, 2], [8, 5]], [[-15, 60], [-15, 75], [0, -15], [75, 30], [120, 75]], 7]
[15, [[-6, -7], [-1, -2], [-1, 3], [1, 1], [2, 3]], [[-90, -105], [-15, -30], [-15, 45], [15, 15], [30, 45]], 3]
[15, [[-6, -7], [-2, -3], [-1, 3], [1, 1], [2, 3]], [[-90, -105], [-30, -45], [-15, 45], [15, 15], [30, 45]], 4]
[15, [[-2, 1], [-1, 3], [1, -1], [2, 3], [6, -1]], [[-30, 15], [-15, 45], [15, -15], [30, 45], [90, -15]], 4]
[15, [[-2, 1], [-1, 0], [-1, 3], [5, -1], [5, 3]], [[-30, 15], [-15, 0], [-15, 45], [75, -15], [75, 45]], 7]
[15, [[-1, 2], [-1, 5], [0, -1], [1, -1], [4, 5]], [[-15, 30], [-15, 75], [0, -15], [15, -15], [60, 75]], 5]
[15, [[-1, 3], [-1, 5], [0, -1], [1, -1], [4, 5]], [[-15, 45], [-15, 75], [0, -15], [15, -15], [60, 75]], 6]
[15, [[-1, 4], [-1, 5], [0, -1], [1, -1], [4, 5]], [[-15, 60], [-15, 75], [0, -15], [15, -15], [60, 75]], 7]
[15, [[-2, 1], [-1, 0], [-1, 3], [2, 3], [6, -1]], [[-30, 15], [-15, 0], [-15, 45], [30, 45], [90, -15]], 8]
[15, [[-2, 1], [-1, 3], [0, -1], [20, 3]], [[-30, 15], [-15, 45], [0, -15], [300, 45]], 2]
[15, [[-2, 5], [0, -1], [1, -1], [13, 5]], [[-30, 75], [0, -15], [15, -15], [195, 75]], 4]
[15, [[-1, -1], [-1, 5], [7, 2], [13, 5]], [[-15, -15], [-15, 75], [105, 30], [195, 75]], 2]
[15, [[-2, 1], [-1, 3], [1, -1], [17, 3]], [[-30, 15], [-15, 45], [15, -15], [255, 45]], 4]
[15, [[-2, 1], [-1, 3], [5, -6], [5, 3]], [[-30, 15], [-15, 45], [75, -90], [75, 45]], 1]
[15, [[-1, 0], [-1, 3], [1, -2], [11, 3]], [[-15, 0], [-15, 45], [15, -30], [165, 45]], 2]
[15, [[-1, 1], [-1, 3], [5, -7], [5, 3]], [[-15, 15], [-15, 45], [75, -105], [75, 45]], 4]
[15, [[-1, -1], [-1, 5], [0, -1], [9, 5]], [[-15, -15], [-15, 75], [0, -15], [135, 75]], 2]
[15, [[-1, 1], [-1, 3], [1, -2], [11, 3]], [[-15, 15], [-15, 45], [15, -30], [165, 45]], 4]
[15, [[-1, 0], [-1, 5], [0, -1], [9, 5]], [[-15, 0], [-15, 75], [0, -15], [135, 75]], 3]
[15, [[-1, 3], [0, -1], [1, -2], [11, 3]], [[-15, 45], [0, -15], [15, -30], [165, 45]], 5]
[15, [[-1, 0], [-1, 3], [3, -2], [8, 3]], [[-15, 0], [-15, 45], [45, -30], [120, 45]], 3]
[15, [[-1, 1], [-1, 5], [0, -1], [9, 5]], [[-15, 15], [-15, 75], [0, -15], [135, 75]], 4]
[15, [[-1, 2], [-1, 5], [0, -1], [9, 5]], [[-15, 30], [-15, 75], [0, -15], [135, 75]], 5]
[15, [[-1, 3], [-1, 5], [0, -1], [9, 5]], [[-15, 45], [-15, 75], [0, -15], [135, 75]], 6]
[15, [[-1, 0], [-1, 3], [5, -2], [5, 3]], [[-15, 0], [-15, 45], [75, -30], [75, 45]], 4]
[15, [[-6, -7], [-1, 3], [0, -1], [2, 3]], [[-90, -105], [-15, 45], [0, -15], [30, 45]], 2]
[15, [[-1, 4], [-1, 5], [0, -1], [9, 5]], [[-15, 60], [-15, 75], [0, -15], [135, 75]], 7]
[15, [[-2, 1], [-1, 3], [2, 3], [11, -6]], [[-30, 15], [-15, 45], [30, 45], [165, -90]], 8]
[15, [[-6, -7], [-1, -2], [-1, 3], [2, 3]], [[-90, -105], [-15, -30], [-15, 45], [30, 45]], 4]
[15, [[-1, 0], [-1, 3], [2, 3], [7, -2]], [[-15, 0], [-15, 45], [30, 45], [105, -30]], 5]
[15, [[-6, -7], [-1, 3], [1, 1], [2, 3]], [[-90, -105], [-15, 45], [15, 15], [30, 45]], 8]
[15, [[-2, 5], [0, -1], [18, 5]], [[-30, 75], [0, -15], [270, 75]], 4]
[15, [[-1, -2], [-1, 3], [14, 3]], [[-15, -30], [-15, 45], [210, 45]], 1]
[15, [[-1, -1], [-1, 5], [14, 5]], [[-15, -15], [-15, 75], [210, 75]], 2]
[15, [[-1, 5], [0, -1], [9, 5]], [[-15, 75], [0, -15], [135, 75]], 8]
[16, [[-3, 16], [-1, 4], [0, -1], [1, 0], [13, 16]], [[-48, 256], [-16, 64], [0, -16], [16, 0], [208, 256]], 7]
