# Data structure: one example per line in the form [denom(P), vertices of P*, vertices of denom(P)*P, b(P)]
[1, [[1, 0], [0, 1], [-1, -1]], [[-1, 2], [-1, -1], [2, -1]], 9]
[1, [[1, 0], [0, 1], [-2, -1]], [[-1, 3], [-1, -1], [1, -1]], 8]
[1, [[1, 0], [0, 1], [-3, -2]], [[-1, 2], [-1, -1], [1, -1]], 6]
[1, [[1, 0], [1, 2], [-3, -2]], [[-1, 2], [-1, 0], [1, -1]], 4]
[1, [[1, 0], [1, 3], [-2, -3]], [[-1, 1], [-1, 0], [2, -1]], 3]
[2, [[1, 0], [0, 1], [-4, -1]], [[-2, 10], [-2, -2], [1, -2]], 9]
[2, [[1, 0], [0, 1], [-5, -4]], [[-2, 3], [-2, -2], [2, -2]], 5]
[2, [[1, 0], [0, 1], [-8, -3]], [[-2, 6], [-2, -2], [1, -2]], 6]
[2, [[1, 0], [1, 2], [-5, -4]], [[-2, 3], [-2, 0], [2, -2]], 3]
[2, [[1, 0], [1, 3], [-5, -3]], [[-2, 4], [-2, 0], [1, -1]], 3]
[2, [[1, 0], [1, 4], [-3, -4]], [[-2, 2], [-2, 0], [2, -1]], 2]
[2, [[1, 0], [3, 4], [-5, -4]], [[-2, 3], [-2, 1], [2, -2]], 2]
[3, [[1, 0], [0, 1], [-9, -2]], [[-3, 15], [-3, -3], [1, -3]], 8]
[3, [[1, 0], [0, 1], [-9, -5]], [[-3, 6], [-3, -3], [2, -3]], 5]
[3, [[1, 0], [1, 2], [-11, -4]], [[-3, 9], [-3, 0], [1, -2]], 4]
[3, [[1, 0], [1, 3], [-5, -6]], [[-3, 3], [-3, 0], [3, -2]], 2]
[3, [[1, 0], [2, 3], [-7, -6]], [[-3, 4], [-3, 1], [3, -3]], 2]
[3, [[1, 0], [4, 9], [-5, -9]], [[-3, 2], [-3, 1], [6, -3]], 1]
[4, [[1, 0], [1, 2], [-11, -6]], [[-4, 8], [-4, 0], [2, -3]], 3]
[4, [[1, 0], [1, 8], [-3, -8]], [[-4, 2], [-4, 0], [4, -1]], 1]
[5, [[1, 0], [1, 2], [-14, -3]], [[-5, 25], [-5, 0], [1, -3]], 6]
[6, [[1, 0], [0, 1], [-20, -9]], [[-6, 14], [-6, -6], [3, -6]], 5]
[6, [[1, 0], [0, 1], [-27, -8]], [[-6, 21], [-6, -6], [2, -6]], 6]
[6, [[1, 0], [1, 3], [-11, -9]], [[-6, 8], [-6, 0], [3, -3]], 2]
[6, [[1, 0], [1, 4], [-11, -8]], [[-6, 9], [-6, 0], [2, -2]], 2]
[6, [[1, 0], [1, 6], [-5, -12]], [[-6, 3], [-6, 0], [6, -2]], 1]
[6, [[1, 0], [1, 9], [-5, -9]], [[-6, 4], [-6, 0], [3, -1]], 1]
[6, [[1, 0], [3, 4], [-15, -8]], [[-6, 12], [-6, 3], [2, -3]], 2]
[6, [[1, 0], [7, 9], [-11, -9]], [[-6, 8], [-6, 4], [3, -3]], 1]
[10, [[1, 0], [0, 1], [-25, -4]], [[-10, 65], [-10, -10], [2, -10]], 9]
[10, [[1, 0], [1, 3], [-29, -12]], [[-10, 25], [-10, 0], [2, -4]], 3]
[10, [[1, 0], [1, 5], [-9, -20]], [[-10, 5], [-10, 0], [10, -4]], 1]
[10, [[1, 0], [3, 4], [-17, -6]], [[-10, 30], [-10, 5], [2, -4]], 3]
[12, [[1, 0], [1, 2], [-35, -16]], [[-12, 27], [-12, 0], [4, -8]], 3]
[12, [[1, 0], [1, 6], [-11, -18]], [[-12, 8], [-12, 0], [6, -3]], 1]
[12, [[1, 0], [1, 8], [-11, -16]], [[-12, 9], [-12, 0], [4, -2]], 1]
[12, [[1, 0], [5, 8], [-19, -16]], [[-12, 15], [-12, 6], [4, -4]], 1]
[14, [[1, 0], [0, 1], [-49, -20]], [[-14, 35], [-14, -14], [6, -14]], 5]
[15, [[1, 0], [0, 1], [-50, -9]], [[-15, 85], [-15, -15], [3, -15]], 8]
[15, [[1, 0], [1, 2], [-59, -18]], [[-15, 50], [-15, 0], [3, -9]], 4]
[15, [[1, 0], [1, 5], [-14, -25]], [[-15, 9], [-15, 0], [10, -5]], 1]
[15, [[1, 0], [1, 6], [-14, -9]], [[-15, 25], [-15, 0], [3, -3]], 2]
[18, [[1, 0], [1, 3], [-35, -24]], [[-18, 27], [-18, 0], [6, -8]], 2]
[18, [[1, 0], [3, 4], [-24, -5]], [[-18, 90], [-18, 9], [2, -6]], 5]
[21, [[1, 0], [0, 1], [-98, -27]], [[-21, 77], [-21, -21], [6, -21]], 6]
[22, [[1, 0], [1, 3], [-43, -8]], [[-22, 121], [-22, 0], [2, -8]], 6]
[30, [[1, 0], [1, 4], [-59, -36]], [[-30, 50], [-30, 0], [6, -9]], 2]
[30, [[1, 0], [1, 5], [-29, -45]], [[-30, 20], [-30, 0], [15, -9]], 1]
[30, [[1, 0], [1, 9], [-29, -36]], [[-30, 25], [-30, 0], [6, -4]], 1]
[30, [[1, 0], [3, 4], [-77, -36]], [[-30, 65], [-30, 15], [6, -12]], 2]
[30, [[1, 0], [4, 9], [-41, -36]], [[-30, 35], [-30, 10], [6, -6]], 1]
[30, [[1, 0], [7, 12], [-23, -18]], [[-30, 40], [-30, 15], [6, -6]], 1]
[30, [[1, 0], [7, 9], [-53, -36]], [[-30, 45], [-30, 20], [6, -8]], 1]
[33, [[1, 0], [1, 2], [-65, -9]], [[-33, 242], [-33, 0], [3, -18]], 8]
[33, [[1, 0], [1, 4], [-65, -18]], [[-33, 121], [-33, 0], [3, -9]], 4]
[35, [[1, 0], [0, 1], [-125, -49]], [[-35, 90], [-35, -35], [14, -35]], 5]
[36, [[1, 0], [1, 6], [-35, -48]], [[-36, 27], [-36, 0], [12, -8]], 1]
[42, [[1, 0], [1, 2], [-125, -54]], [[-42, 98], [-42, 0], [12, -27]], 3]
[42, [[1, 0], [1, 5], [-41, -9]], [[-42, 196], [-42, 0], [3, -9]], 5]
[44, [[1, 0], [1, 6], [-43, -16]], [[-44, 121], [-44, 0], [4, -8]], 3]
[45, [[1, 0], [1, 2], [-134, -25]], [[-45, 243], [-45, 0], [5, -25]], 6]
[60, [[1, 0], [1, 8], [-59, -72]], [[-60, 50], [-60, 0], [12, -9]], 1]
[60, [[1, 0], [5, 8], [-95, -72]], [[-60, 80], [-60, 30], [12, -15]], 1]
[63, [[1, 0], [1, 3], [-125, -81]], [[-63, 98], [-63, 0], [18, -27]], 2]
[65, [[1, 0], [0, 1], [-169, -25]], [[-65, 442], [-65, -65], [10, -65]], 9]
[65, [[1, 0], [1, 3], [-194, -75]], [[-65, 169], [-65, 0], [10, -25]], 3]
[66, [[1, 0], [1, 8], [-65, -36]], [[-66, 121], [-66, 0], [6, -9]], 2]
[66, [[1, 0], [5, 8], [-83, -36]], [[-66, 154], [-66, 33], [6, -12]], 2]
[66, [[1, 0], [7, 9], [-59, -24]], [[-66, 165], [-66, 44], [6, -12]], 2]
[70, [[1, 0], [1, 3], [-139, -25]], [[-70, 392], [-70, 0], [5, -25]], 6]
[70, [[1, 0], [1, 5], [-69, -100]], [[-70, 49], [-70, 0], [30, -20]], 1]
[77, [[1, 0], [0, 1], [-363, -98]], [[-77, 286], [-77, -77], [21, -77]], 6]
[85, [[1, 0], [0, 1], [-289, -50]], [[-85, 493], [-85, -85], [15, -85]], 8]
[85, [[1, 0], [1, 2], [-339, -100]], [[-85, 289], [-85, 0], [15, -50]], 4]
[90, [[1, 0], [0, 1], [-324, -125]], [[-90, 234], [-90, -90], [35, -90]], 5]
[90, [[1, 0], [11, 20], [-34, -25]], [[-90, 126], [-90, 45], [10, -10]], 1]
[90, [[1, 0], [3, 4], [-159, -50]], [[-90, 288], [-90, 45], [10, -30]], 3]
[126, [[1, 0], [1, 6], [-125, -162]], [[-126, 98], [-126, 0], [36, -27]], 1]
[132, [[1, 0], [13, 16], [-119, -72]], [[-132, 220], [-132, 99], [12, -18]], 1]
[132, [[1, 0], [5, 16], [-83, -72]], [[-132, 154], [-132, 33], [12, -12]], 1]
[132, [[1, 0], [7, 18], [-59, -48]], [[-132, 165], [-132, 44], [12, -12]], 1]
[135, [[1, 0], [1, 6], [-134, -75]], [[-135, 243], [-135, 0], [15, -25]], 2]
[140, [[1, 0], [1, 6], [-139, -50]], [[-140, 392], [-140, 0], [10, -25]], 3]
[154, [[1, 0], [1, 2], [-461, -196]], [[-154, 363], [-154, 0], [42, -98]], 3]
[170, [[1, 0], [1, 4], [-339, -200]], [[-170, 289], [-170, 0], [30, -50]], 2]
[170, [[1, 0], [3, 4], [-439, -200]], [[-170, 374], [-170, 85], [30, -65]], 2]
[174, [[1, 0], [7, 9], [-109, -20]], [[-174, 957], [-174, 116], [6, -24]], 5]
[175, [[1, 0], [1, 5], [-174, -245]], [[-175, 125], [-175, 0], [70, -49]], 1]
[195, [[1, 0], [1, 9], [-194, -225]], [[-195, 169], [-195, 0], [30, -25]], 1]
[195, [[1, 0], [4, 9], [-269, -225]], [[-195, 234], [-195, 65], [30, -35]], 1]
[195, [[1, 0], [7, 9], [-344, -225]], [[-195, 299], [-195, 130], [30, -45]], 1]
[210, [[1, 0], [11, 25], [-59, -45]], [[-210, 280], [-210, 84], [15, -15]], 1]
[210, [[1, 0], [4, 9], [-164, -75]], [[-210, 462], [-210, 70], [15, -30]], 2]
[210, [[1, 0], [5, 8], [-170, -27]], [[-210, 1330], [-210, 105], [6, -30]], 6]
[231, [[1, 0], [1, 3], [-461, -294]], [[-231, 363], [-231, 0], [63, -98]], 2]
[234, [[1, 0], [0, 1], [-845, -324]], [[-234, 611], [-234, -234], [90, -234]], 5]
[270, [[1, 0], [7, 12], [-209, -150]], [[-270, 378], [-270, 135], [30, -40]], 1]
[286, [[1, 0], [0, 1], [-1352, -363]], [[-286, 1066], [-286, -286], [77, -286]], 6]
[290, [[1, 0], [3, 4], [-229, -25]], [[-290, 2668], [-290, 145], [10, -80]], 9]
[290, [[1, 0], [7, 12], [-254, -75]], [[-290, 986], [-290, 145], [10, -30]], 3]
[306, [[1, 0], [3, 4], [-422, -81]], [[-306, 1598], [-306, 153], [18, -90]], 5]
[340, [[1, 0], [1, 8], [-339, -400]], [[-340, 289], [-340, 0], [60, -50]], 1]
[340, [[1, 0], [5, 8], [-539, -400]], [[-340, 459], [-340, 170], [60, -80]], 1]
[341, [[1, 0], [1, 3], [-681, -121]], [[-341, 1922], [-341, 0], [22, -121]], 6]
[387, [[1, 0], [1, 5], [-386, -81]], [[-387, 1849], [-387, 0], [18, -81]], 5]
[420, [[1, 0], [13, 16], [-197, -54]], [[-420, 1540], [-420, 315], [12, -36]], 3]
[420, [[1, 0], [13, 18], [-239, -150]], [[-420, 672], [-420, 280], [30, -45]], 1]
[441, [[1, 0], [1, 2], [-1322, -243]], [[-441, 2401], [-441, 0], [45, -243]], 6]
[442, [[1, 0], [0, 1], [-1156, -169]], [[-442, 3026], [-442, -442], [65, -442]], 9]
[442, [[1, 0], [1, 3], [-1325, -507]], [[-442, 1156], [-442, 0], [65, -169]], 3]
[450, [[1, 0], [1, 5], [-449, -625]], [[-450, 324], [-450, 0], [175, -125]], 1]
[451, [[1, 0], [1, 2], [-901, -121]], [[-451, 3362], [-451, 0], [33, -242]], 8]
[451, [[1, 0], [1, 4], [-901, -242]], [[-451, 1681], [-451, 0], [33, -121]], 4]
[462, [[1, 0], [1, 6], [-461, -588]], [[-462, 363], [-462, 0], [126, -98]], 1]
[493, [[1, 0], [0, 1], [-1682, -289]], [[-493, 2871], [-493, -493], [85, -493]], 8]
[493, [[1, 0], [1, 2], [-1971, -578]], [[-493, 1682], [-493, 0], [85, -289]], 4]
[572, [[1, 0], [1, 2], [-1715, -726]], [[-572, 1352], [-572, 0], [154, -363]], 3]
[611, [[1, 0], [0, 1], [-2209, -845]], [[-611, 1598], [-611, -611], [234, -611]], 5]
[630, [[1, 0], [13, 24], [-197, -81]], [[-630, 1540], [-630, 315], [18, -36]], 2]
[682, [[1, 0], [1, 6], [-681, -242]], [[-682, 1922], [-682, 0], [44, -121]], 3]
[858, [[1, 0], [1, 3], [-1715, -1089]], [[-858, 1352], [-858, 0], [231, -363]], 2]
[870, [[1, 0], [16, 45], [-129, -100]], [[-870, 1131], [-870, 290], [30, -30]], 1]
[870, [[1, 0], [19, 36], [-329, -225]], [[-870, 1276], [-870, 435], [30, -40]], 1]
[870, [[1, 0], [31, 36], [-404, -225]], [[-870, 1566], [-870, 725], [30, -50]], 1]
[870, [[1, 0], [7, 36], [-254, -225]], [[-870, 986], [-870, 145], [30, -30]], 1]
[882, [[1, 0], [3, 4], [-1565, -486]], [[-882, 2842], [-882, 441], [90, -288]], 3]
[885, [[1, 0], [13, 18], [-459, -100]], [[-885, 4071], [-885, 590], [15, -60]], 4]
[885, [[1, 0], [4, 9], [-409, -50]], [[-885, 7257], [-885, 295], [15, -105]], 8]
[902, [[1, 0], [1, 8], [-901, -484]], [[-902, 1681], [-902, 0], [66, -121]], 2]
[902, [[1, 0], [5, 8], [-1143, -484]], [[-902, 2132], [-902, 451], [66, -154]], 2]
[938, [[1, 0], [1, 5], [-937, -196]], [[-938, 4489], [-938, 0], [42, -196]], 5]
[946, [[1, 0], [5, 8], [-769, -121]], [[-946, 6020], [-946, 473], [22, -132]], 6]
[966, [[1, 0], [11, 20], [-265, -49]], [[-966, 5244], [-966, 483], [14, -56]], 5]
[986, [[1, 0], [1, 4], [-1971, -1156]], [[-986, 1682], [-986, 0], [170, -289]], 2]
[986, [[1, 0], [3, 4], [-2549, -1156]], [[-986, 2175], [-986, 493], [170, -374]], 2]
